//Formato
// IdLinha Impedancia_positiva Impedancia_negativa Demanda
// X_inicial Y_inicial
// X_final Y_final
1   5.5902   5.5902   0.0000
1.50000   7.50000
2.50000   2.00000
END
2   7.1063   7.1063   0.0000
1.50000   7.50000
7.00000   12.00000
END
3   -1.0000   5.0000   0.0000
7.00000   12.00000
11.00000   9.00000
END
4   6.0828   6.0828 0.0000
7.00000   12.00000
6.00000   6.00000
END
5   5.8309   -1.0000 0.0000
6.00000   6.00000
11.00000   9.00000
END
6   5.3151   5.3151 0.0000
6.00000   6.00000
2.50000   2.00000
END
7   3.6056   3.6056   0.0000
6.00000   6.00000
9.00000   4.00000
END
8   6.8007   -1.0000 0.0000
2.50000   2.00000
9.00000   4.00000
END
9   2.8284   2.8284 0.0000
11.0000   9.0000
13.00000   11.0000
END
10   2.8284   2.8284 0.0000
13.0000   11.0000
15.00000   9.0000
END
11   4.2426   4.2426 0.0000
11.0000   9.0000
14.00000   6.0000
END
12   2.8284   2.8284 0.0000
12.0000   4.0000
14.00000   6.0000
END
13   3.0000   3.0000 0.0000
9.0000   4.0000
12.00000   4.0000
END