//Formato
// IdLinha Impedancia_positiva Impedancia_negativa Demanda
// X_inicial Y_inicial
// X_final Y_final
1   293.301605   293.301605   0.000000
188859.709932     8253809.082146
188905.046973     8253520.080854
END
2   1714.620361   1714.620361   0.000000
188905.046973     8253520.080854
189111.073925     8253818.425694
END
3   190.154205   190.154205   0.000000
189111.073925     8253818.425694
189161.180434     8253635.884234
END
4   -1.000000   985.817871   0.000000
189476.492191     8252505.428164
190460.200015     8252458.975130
END
5   119.634560   119.634560   0.000000
194304.142058     8250917.843940
194393.682292     8250840.918167
END
6   215.109573   -1.000000   0.000000
192739.862650     8251169.273797
192798.073918     8251376.357281
END
7   -1.000000   217.635620   0.000000
192699.870046     8251408.576974
192637.860157     8251199.962402
END
8   220.064240   220.064240   0.000000
192324.992685     8251521.112043
192263.946551     8251309.684425
END
9   214.708694   214.708694   0.000000
191931.554889     8251649.710446
191871.555197     8251443.555502
END