//Formato
// IdLinha Impedancia_positiva Impedancia_negativa Demanda
// X_inicial Y_inicial
// X_final Y_final
1   293.301605   293.301605   0.000000
188859.709932     8253809.082146
188905.046973     8253520.080854
END
2   1714.620361   1714.620361   0.000000
188905.046973     8253520.080854
189111.073925     8253818.425694
END
3   190.154205   190.154205   0.000000
189111.073925     8253818.425694
189161.180434     8253635.884234
END
4   -1.000000   985.817871   0.000000
189476.492191     8252505.428164
190460.200015     8252458.975130
END
5   119.634560   119.634560   0.000000
194304.142058     8250917.843940
194393.682292     8250840.918167
END
6   215.109573   -1.000000   0.000000
192739.862650     8251169.273797
192798.073918     8251376.357281
END
7   -1.000000   217.635620   0.000000
192699.870046     8251408.576974
192637.860157     8251199.962402
END
8   220.064240   220.064240   0.000000
192324.992685     8251521.112043
192263.946551     8251309.684425
END
9   214.708694   214.708694   0.000000
191931.554889     8251649.710446
191871.555197     8251443.555502
END
10   208.606812   208.606812   0.000000
191826.879206     8251679.000473
191759.440334     8251481.595310
END
11   211.598053   211.598053   0.000000
191719.128879     8251713.345653
191651.493389     8251512.848327
END
12   933.547424   -1.000000   0.000000
189412.864251     8252108.743561
190209.019275     8251621.274982
END
13   1009.200806   1009.200806   0.000000
193957.713823     8252293.628392
194966.209366     8252298.947939
END
14   495.027893   495.027893   0.000000
195009.000000     8251156.302234
194595.834506     8250883.904474
END
15   1185.912476   1185.912476   0.000000
192026.538494     8251165.097339
192254.878940     8250203.615771
END
16   52.754513   52.754513   0.000000
193085.323075     8249934.464013
193092.239020     8249882.164794
END
17   1435.847656   1435.847656   0.000000
192254.878940     8250203.615771
191564.203319     8249058.674798
END
18   14.892813   14.892813   0.000000
188023.924588     8258926.092785
188016.380757     8258913.251972
END
19   236.383865   236.383865   0.000000
189710.141908     8258937.000000
189783.380185     8258712.247942
END
20   -1.000000   491.343903   0.000000
185151.612673     8253732.122249
185623.200823     8253594.240931
END
21   497.344177   -1.000000   0.000000
185083.275688     8253534.720822
185559.593026     8253391.636882
END
22   709.451843   709.451843   0.000000
189783.380185     8258712.247942
189299.531982     8258215.873382
END
23   1995.456299   1995.456299   0.000000
189783.380185     8258712.247942
191171.413251     8257521.154760
END
24   515.789001   515.789001   0.000000
191171.413251     8257521.154760
191437.841316     8257085.174383
END
25   1270.480225   1270.480225   0.000000
193107.163484     8253917.469862
192172.557427     8253057.097262
END
26   268.948669   268.948669   0.000000
189820.704071     8258596.376096
190022.518758     8258669.424240
END
27   873.888245   873.888245   0.000000
190022.518758     8258669.424240
190133.401900     8257832.902667
END
28   1135.442383   1135.442383   0.000000
189820.704071     8258596.376096
189993.721667     8257775.252762
END
29   512.447754   512.447754   0.000000
187459.820987     8257851.352139
187891.968988     8257984.904092
END
30   432.653473   432.653473   0.000000
191117.148723     8256861.933633
191437.841316     8257085.174383
END
31   2174.545410   2174.545410   0.000000
192112.423574     8256392.754687
192491.596317     8254784.458435
END
32   335.058258   335.058258   0.000000
192770.962217     8254933.707524
192580.248817     8254659.194753
END
33   294.512207   294.512207   0.000000
191803.905193     8255646.612767
191898.563681     8255368.077799
END
34   294.601440   294.601440   0.000000
191619.321005     8255274.476073
191898.563681     8255368.077799
END
35   170.150284   170.150284   0.000000
191771.486408     8254762.558109
191937.828819     8254798.349870
END
36   131.446838   131.446838   0.000000
191937.828819     8254798.349870
192068.547935     8254784.537479
END
37   345.924561   345.924561   0.000000
191838.422626     8254442.249772
192111.455655     8254555.665972
END
38   273.541077   273.541077   0.000000
191935.812680     8253784.691313
192206.437310     8253824.408265
END
39   293.881805   293.881805   0.000000
191972.708709     8253326.103367
192263.895420     8253365.812353
END
40   302.312653   302.312653   0.000000
190574.657452     8256455.805016
190863.016433     8256546.457432
END
41   3990.184814   3990.184814   0.000000
190863.016433     8256546.457432
191357.592311     8252947.952397
END
42   452.758240   452.758240   0.000000
190133.401900     8257832.902667
190565.029275     8257969.462784
END
43   2958.336914   2958.336914   0.000000
189993.721667     8257775.252762
190263.643842     8255237.700226
END
44   168.283401   168.283401   0.000000
190117.108655     8255227.803825
190263.643842     8255237.700226
END
45   1869.567017   1869.567017   0.000000
188750.236881     8258203.202357
189330.210436     8256426.731247
END
46   760.362183   760.362183   0.000000
189330.210436     8256426.731247
189586.521861     8255754.228944
END
47   1258.540039   1258.540039   0.000000
190437.578580     8253872.298848
190503.182465     8253183.458101
END
48   258.951904   258.951904   0.000000
190510.649958     8255202.577189
190593.084042     8254957.392359
END
49   2038.281738   2038.281738   0.000000
190593.084042     8254957.392359
190890.162452     8252950.622160
END
50   177.721893   177.721893   0.000000
190713.460971     8252957.531832
190890.162452     8252950.622160
END
51   114.399559   114.399559   0.000000
183583.661425     8255421.849717
183694.527289     8255394.171069
END
52   182.854935   182.854935   0.000000
187921.345183     8252871.185424
187872.033464     8252695.105098
END
53   180.608063   180.608063   0.000000
187508.262031     8252994.486446
187461.696601     8252819.984487
END
54   187.318298   187.318298   0.000000
186971.072037     8253165.207686
186917.725437     8252985.646312
END
55   191.079666   191.079666   0.000000
186590.265447     8253282.633650
186541.622778     8253097.853281
END
56   -1.000000   211.513977   0.000000
185653.317366     8253584.266190
185587.962703     8253383.102252
END
57   212.354309   -1.000000   0.000000
185623.200823     8253594.240931
185559.593026     8253391.636882
END
58   -1.000000   294.545807   0.000000
185897.793570     8253503.267678
186077.570453     8253332.779179
END
59   243.448746   -1.000000   0.000000
186038.933539     8253454.144152
186125.049778     8253486.506764
END
60   328.247925   -1.000000   0.000000
185813.601587     8253315.428324
185986.556132     8253038.413805
END
61   339.215271   -1.000000   0.000000
185986.556132     8253038.413805
186298.957453     8253166.032532
END
62   -1.000000   229.840775   0.000000
185990.243402     8253259.314322
186026.961472     8253169.079907
END
63   78.250839   78.250839   0.000000
186686.471759     8255450.887621
186701.781146     8255374.155086
END
64   111.983353   111.983353   0.000000
186124.923574     8250348.293581
186097.121142     8250247.855148
END
65   668.976196   668.976196   0.000000
184292.539834     8251006.261615
184907.799159     8250758.303662
END
66   323.138611   323.138611   0.000000
184907.799159     8250758.303662
185177.197732     8250936.749466
END
67   220.339096   220.339096   0.000000
184633.709185     8252102.669806
184836.950916     8252187.720904
END
68   403.155792   403.155792   0.000000
184836.950916     8252187.720904
184947.976586     8252575.287545
END
69   826.098511   826.098511   0.000000
187343.712586     8255059.990794
187108.590640     8254268.058697
END
70   781.362854   781.362854   0.000000
187462.659838     8254945.111348
187232.423581     8254198.441916
END
71   135.540405   135.540405   0.000000
186932.740227     8253679.964682
187067.041885     8253661.693456
END
72   436.026062   436.026062   0.000000
187415.471490     8253613.054351
187538.331658     8254031.413188
END
73   348.537445   348.537445   0.000000
187538.331658     8254031.413188
187232.423581     8254198.441916
END
74   531.600708   531.600708   0.000000
188037.612438     8253830.989980
187854.394865     8253372.934707
END
75   580.214478   580.214478   0.000000
188062.330379     8253030.346306
187854.394865     8253372.934707
END
76   82.471695   82.471695   0.000000
187704.953352     8252745.796079
187666.685080     8252673.041196
END
77   361.805420   361.805420   0.000000
187465.018229     8252441.762783
187650.531440     8252135.678763
END
78   569.835388   569.835388   0.000000
187666.685080     8252673.041196
187876.856829     8252153.033285
END
79   303.964539   303.964539   0.000000
185177.197732     8250936.749466
185350.401780     8250687.036429
END
80   116.969543   116.969543   0.000000
185254.138595     8250620.625641
185350.401780     8250687.036429
END
81   793.521973   793.521973   0.000000
185698.877106     8251001.025844
186369.682460     8251338.569107
END
82   706.374878   706.374878   0.000000
185742.057092     8250941.576096
186419.036848     8251139.262661
END
83   427.820496   427.820496   0.000000
183694.527289     8255394.171069
183591.924314     8254978.839522
END
84   276.200470   276.200470   0.000000
183579.313917     8254297.140065
183777.659748     8254335.160251
END
85   356.566193   356.566193   0.000000
183591.924314     8254978.839522
183932.126278     8254872.088703
END
86   352.715851   352.715851   0.000000
183566.675978     8254877.326517
183905.719813     8254780.075528
END
87   313.290375   313.290375   0.000000
183579.641045     8254780.026000
183880.638425     8254693.126974
END
88   287.297638   287.297638   0.000000
183578.879718     8254683.830577
183853.270597     8254598.686105
END
89   38.595417   38.595417   0.000000
183571.804789     8254576.439146
183608.847973     8254565.603609
END
90   226.970657   226.970657   0.000000
183581.163184     8254473.035147
183799.675666     8254411.651290
END
91   207.838684   207.838684   0.000000
183578.631269     8254395.031654
183777.659748     8254335.160251
END
92   96.619705   96.619705   0.000000
183581.163184     8254473.035147
183608.847973     8254565.603609
END
93   867.371582   867.371582   0.000000
183586.244886     8255823.405691
184421.319945     8255597.757879
END
94   1353.481079   1353.481079   0.000000
186746.270677     8255416.545353
187816.082755     8256168.986768
END
95   186.470428   186.470428   0.000000
187074.258934     8255222.803578
187066.950118     8255408.190625
END
96   1094.317017   1094.317017   0.000000
187066.950118     8255408.190625
188085.492144     8255808.318066
END
97   897.463745   897.463745   0.000000
189330.210436     8256426.731247
189536.020143     8255739.334190
END
98   719.376221   719.376221   0.000000
189536.020143     8255739.334190
189759.931731     8255055.692652
END
99   48.396175   48.396175   0.000000
189805.877664     8255070.896634
189759.931731     8255055.692652
END
100   1233.104004   1233.104004   0.000000
189669.140159     8255025.814832
190057.050514     8253959.289579
END
101   427.791901   427.791901   0.000000
189758.362900     8253719.629917
190048.376548     8253595.344598
END
102   457.536499   457.536499   0.000000
190071.147500     8253830.592876
189625.198558     8253734.193354
END
103   914.495789   914.495789   0.000000
185475.901358     8254493.318113
186348.571550     8254219.971068
END
104   524.180847   524.180847   0.000000
185433.097546     8254418.788989
185933.631811     8254263.126603
END
105   541.091919   541.091919   0.000000
185398.811070     8254359.216850
185914.799488     8254196.316786
END
106   308.317596   308.317596   0.000000
186278.647862     8255477.536863
186194.517369     8255180.919587
END
107   181.899155   181.899155   0.000000
186278.647862     8255477.536863
186451.573744     8255421.110442
END
108   304.309570   304.309570   0.000000
186451.573744     8255421.110442
186362.179538     8255130.326973
END
109   251.523712   251.523712   0.000000
186309.204062     8254950.183276
186551.118315     8254881.444868
END
110   175.134277   175.134277   0.000000
186194.517369     8255180.919587
186362.179538     8255130.326973
END
111   241.757782   241.757782   0.000000
186348.571550     8254219.971068
186579.997983     8254150.056733
END
112   215.138702   215.138702   0.000000
186579.997983     8254150.056733
186729.220163     8253995.081239
END
113   541.705139   541.705139   0.000000
186579.997983     8254150.056733
187108.590640     8254268.058697
END
114   727.259644   727.259644   0.000000
186265.604365     8253947.775319
186924.915022     8253651.610606
END
115   755.341736   755.341736   0.000000
186729.220163     8253995.081239
186213.783159     8253777.663828
END
116   138.571884   138.571884   0.000000
185789.567598     8253752.326100
185920.207751     8253706.116592
END
117   318.681305   318.681305   0.000000
185920.207751     8253706.116592
186158.748403     8253771.422410
END
118   49.898933   49.898933   0.000000
186022.071922     8253991.810282
186005.900933     8253944.604322
END
119   152.518768   152.518768   0.000000
185840.016957     8253931.276774
185986.190825     8253887.743176
END
120   156.014771   156.014771   0.000000
185857.153447     8253991.665924
186005.900933     8253944.604322
END
121   161.185486   161.185486   0.000000
185900.449127     8254145.261466
186054.895318     8254099.140573
END
122   493.103363   493.103363   0.000000
186194.087847     8254572.187754
186054.895318     8254099.140573
END
123   250.595352   250.595352   0.000000
186194.087847     8254572.187754
186434.053700     8254499.976825
END
124   -1.000000   381.006378   0.000000
183597.744494     8249983.956140
183975.177371     8249931.895695
END
125   1339.053223   1339.053223   0.000000
188184.050237     8252599.323645
187776.169714     8251325.553493
END
126   836.471558   836.471558   0.000000
187333.200974     8250958.687005
187441.597473     8251638.390886
END
127   409.437561   409.437561   0.000000
187441.597473     8251638.390886
187814.242395     8251499.028058
END
128   408.306976   408.306976   0.000000
187441.597473     8251638.390886
187823.586734     8251531.115740
END
129   141.345352   141.345352   0.000000
188272.656160     8252766.325313
188228.367116     8252632.098210
END
130   145.753006   145.753006   0.000000
188089.900665     8252677.603615
188228.367116     8252632.098210
END
131   42.105160   42.105160   0.000000
188342.799435     8252549.320681
188355.933962     8252589.324791
END
132   407.426147   407.426147   0.000000
189115.262436     8252631.404025
188990.639563     8252243.506132
END
133   -1.000000   464.778595   0.000000
189803.571028     8252391.472613
189725.235649     8252034.412874
END
134   540.807434   -1.000000   0.000000
189725.235649     8252034.412874
189878.893050     8252364.941925
END
135   603.951172   603.951172   0.000000
190006.043901     8251966.735464
190537.495552     8251830.605187
END
136   723.423035   723.423035   0.000000
190047.673776     8252305.892392
190649.349343     8252084.215605
END
137   324.805878   324.805878   0.000000
190534.354918     8252125.927046
190858.872614     8252114.166100
END
138   328.232361   328.232361   0.000000
191113.525425     8252296.092739
190858.872614     8252114.166100
END
139   860.819641   860.819641   0.000000
191094.319447     8252203.590681
190846.950251     8251379.303082
END
140   7031.252930   7031.252930   0.000000
189820.704071     8258596.376096
191065.491578     8251799.761565
END
141   2273.756104   2273.756104   0.000000
191239.411507     8252144.577509
190220.865649     8250142.539917
END
142   285.625061   285.625061   0.000000
190292.736832     8251894.355651
190209.019275     8251621.274982
END
143   58.207142   58.207142   0.000000
187711.018885     8258279.538125
187734.690950     8258226.889404
END
144   504.240692   504.240692   0.000000
187734.690950     8258226.889404
188215.216072     8258379.709506
END
145   231.342194   231.342194   0.000000
188761.481124     8258795.679804
188823.462051     8258572.795131
END
146   456.214935   456.214935   0.000000
187913.140998     8258623.908004
188215.216072     8258379.709506
END
147   953.546753   953.546753   0.000000
193093.894536     8255440.319135
193783.733765     8254782.008265
END
148   241.842377   241.842377   0.000000
193802.399401     8255428.454799
194033.605597     8255372.415548
END
149   641.145264   641.145264   0.000000
194033.605597     8255372.415548
193783.733765     8254782.008265
END
150   588.176636   588.176636   0.000000
192153.948422     8254302.858585
192491.596317     8254784.458435
END
151   688.432861   688.432861   0.000000
192172.557427     8253057.097262
192830.437526     8252854.283190
END
152   569.828613   569.828613   0.000000
192062.401468     8252288.634564
192606.400463     8252124.448875
END
153   1523.852661   1523.852661   0.000000
193277.610622     8253408.546831
192632.939160     8252115.409383
END
154   1828.474365   1828.474365   0.000000
186463.649054     8258937.000000
187156.610782     8257746.696990
END
155   915.608032   915.608032   0.000000
186284.118206     8257850.087100
187156.610782     8257746.696990
END
156   923.155762   923.155762   0.000000
183618.141099     8252008.267838
184412.427949     8252473.125205
END
157   461.294342   461.294342   0.000000
184412.427949     8252473.125205
184793.224838     8252729.016650
END
158   332.065125   332.065125   0.000000
184412.427949     8252473.125205
184734.299616     8252546.758335
END
159   163.582443   163.582443   0.000000
194321.678477     8250695.568478
194393.682292     8250840.918167
END
160   427.716156   427.716156   0.000000
194414.058487     8250875.389238
194802.765099     8251028.185344
END
161   90.824028   90.824028   0.000000
194516.641615     8250828.467286
194607.034758     8250819.630800
END
162   66.679375   66.679375   0.000000
194595.834506     8250883.904474
194607.034758     8250819.630800
END
163   598.650574   598.650574   0.000000
194303.400219     8250683.434793
194504.932254     8250119.726198
END
164   543.189026   543.189026   0.000000
193683.198334     8250269.889104
194129.166807     8250014.815907
END
165   419.349976   419.349976   0.000000
194966.209366     8252298.947939
194878.811991     8251888.806391
END
166   1457.600342   1457.600342   0.000000
188025.488200     8248247.879083
186875.113073     8247353.339083
END
167   2086.220215   2086.220215   0.000000
187408.870414     8246277.000000
189305.002036     8247146.843814
END
168   1653.133789   1653.133789   0.000000
188008.230004     8248325.523449
186699.930458     8247315.051174
END
169   325.764618   325.764618   0.000000
188775.141038     8248999.803478
188517.768669     8248800.098583
END
170   401.618073   401.618073   0.000000
186699.930458     8247315.051174
186376.214161     8247080.039501
END
171   -1.000000   264.611359   0.000000
184802.651437     8249819.520746
184986.881582     8249997.867781
END
172   514.116760   514.116760   0.000000
186100.920770     8246801.386441
186598.935045     8246869.730928
END
173   407.214355   407.214355   0.000000
183566.539812     8246501.518999
183961.223110     8246401.276691
END
174   144.844284   144.844284   0.000000
187443.359871     8246277.000000
187566.801920     8246352.775514
END
175   419.643402   419.643402   0.000000
190287.642998     8246302.781981
190666.265218     8246436.096543
END
176   173.685486   173.685486   0.000000
189636.600821     8246280.903708
189810.280841     8246282.282429
END
177   103.498848   103.498848   0.000000
189636.600821     8246280.903708
189599.723132     8246377.609695
END
178   78.821518   78.821518   0.000000
188678.734148     8247947.595403
188739.738935     8247997.455021
END
179   18.109858   18.109858   0.000000
189058.681185     8248242.556884
189045.314022     8248230.338622
END
180   121.805840   121.805840   0.000000
186002.698601     8246282.851102
185961.539307     8246392.965451
END
181   119.475739   119.475739   0.000000
185961.539307     8246392.965451
185897.775106     8246292.313049
END
182   309.823639   309.823639   0.000000
186225.318968     8247348.786058
186376.214161     8247080.039501
END
183   274.596130   274.596130   0.000000
186394.854768     8247052.626631
186598.935045     8246869.730928
END
184   -1.000000   1030.064697   0.000000
184292.539834     8251006.261615
184074.795716     8250001.371041
END
185   -1.000000   3188.237793   0.000000
183583.494538     8246644.974883
183992.736920     8249803.439144
END
186   319.211456   -1.000000   0.000000
183598.154265     8249956.835605
183913.847575     8249909.573663
END
187   144.517120   144.517120   0.000000
183583.494538     8246644.974883
183566.539812     8246501.518999
END
188   363.343140   363.343140   0.000000
183615.454793     8246292.947552
183961.223110     8246401.276691
END
189   506.947510   -1.000000   0.000000
183961.223110     8246401.276691
183623.838864     8246763.003924
END
190   323.703064   323.703064   0.000000
185749.160701     8248124.597908
185494.270320     8247925.062032
END
191   217.621063   217.621063   0.000000
185494.270320     8247925.062032
185631.518078     8247756.177522
END
192   228.879028   228.879028   0.000000
185450.341117     8247616.354398
185631.518078     8247756.177522
END
193   611.232361   611.232361   0.000000
191556.756661     8246277.000000
191760.399204     8246803.792756
END
194   165.327820   165.327820   0.000000
191647.739329     8247590.196035
191812.291649     8247576.594969
END
195   160.441422   160.441422   0.000000
191645.457660     8247486.683621
191805.188893     8247471.604384
END
196   244.774857   244.774857   0.000000
191814.842703     8247613.987236
192058.711379     8247592.944468
END
197   248.074036   248.074036   0.000000
191802.421630     8247429.473719
192050.190090     8247417.164381
END
198   209.354523   209.354523   0.000000
191793.881848     8247301.306483
192003.204969     8247298.046323
END
199   215.097321   215.097321   0.000000
191784.819821     8247170.250454
191999.837855     8247164.410594
END
200   128.377228   128.377228   0.000000
191461.902781     8247363.287535
191589.964703     8247354.295556
END
201   84.620049   84.620049   0.000000
191589.964703     8247354.295556
191585.417162     8247269.797788
END
202   149.547714   149.547714   0.000000
191319.464209     8247283.995081
191468.787621     8247275.807369
END
203   187.287766   187.287766   0.000000
191468.787621     8247275.807369
191461.085980     8247088.678018
END
204   197.550400   197.550400   0.000000
191587.677873     8247182.947325
191784.819821     8247170.250454
END
205   69.750725   69.750725   0.000000
191760.399204     8246803.792756
191690.823581     8246808.732050
END
206   193.666351   193.666351   0.000000
191159.577441     8246842.328405
191141.831513     8246649.476813
END
207   155.523041   155.523041   0.000000
191313.980958     8246988.222097
191301.649477     8246833.188712
END
208   154.564957   154.564957   0.000000
191452.708035     8246978.734517
191439.766174     8246824.712324
END
209   153.135025   153.135025   0.000000
191580.363540     8246968.930033
191567.237680     8246816.358580
END
210   262.590668   262.590668   0.000000
191707.809574     8247070.769472
191690.823581     8246808.732050
END
211   57.046452   57.046452   0.000000
191111.269410     8246288.513840
191093.993026     8246342.881334
END
212   145.147888   145.147888   0.000000
191029.475255     8246539.100164
190896.918973     8246479.966928
END
213   156.040421   156.040421   0.000000
191093.993026     8246342.881334
190949.333963     8246284.380323
END
214   120.403824   120.403824   0.000000
190666.265218     8246436.096543
190709.557757     8246323.745142
END
215   329.795441   329.795441   0.000000
189045.314022     8248230.338622
188902.553739     8247965.814128
END
216   286.215668   286.215668   0.000000
191762.711887     8251274.388666
192026.538494     8251165.097339
END
217   268.941803   268.941803   0.000000
189045.314022     8248230.338622
189258.679701     8248394.060291
END
218   53.819706   53.819706   0.000000
190599.149602     8246303.244810
190652.968750     8246303.000000
END
219   60.271690   60.271690   0.000000
190652.968750     8246303.000000
190709.557757     8246323.745142
END
220   1146.896484   1146.896484   0.000000
189071.355576     8247769.149987
188183.065995     8247106.657357
END
221   609.618042   609.618042   0.000000
191825.486969     8247771.835712
192427.057471     8247688.951102
END
222   808.039368   808.039368   0.000000
191829.321629     8246277.000000
192354.514062     8246709.639438
END
223   158.168182   158.168182   0.000000
191823.033910     8247806.502112
191980.992985     8247806.730344
END
224   1131.915649   1131.915649   0.000000
193870.197991     8247979.772469
192896.612914     8247408.464327
END
225   196.457016   196.457016   0.000000
192896.612914     8247408.464327
192880.333597     8247213.074228
END
226   355.838898   355.838898   0.000000
191058.003395     8250170.514082
191150.553056     8249881.747546
END
227   173.109146   173.109146   0.000000
192317.766329     8247874.575896
192225.655282     8247761.014498
END
228   1493.211670   1493.211670   0.000000
189972.928073     8251177.158679
191222.178708     8250359.828546
END
229   1164.176880   1164.176880   0.000000
191136.662506     8250888.416530
190450.798372     8249951.853668
END
230   113.399094   113.399094   0.000000
189304.981216     8248430.170710
189213.084892     8248482.696805
END
231   1057.221191   1057.221191   0.000000
191584.012904     8250421.891517
191227.901472     8249440.974609
END
232   489.974152   489.974152   0.000000
190737.370550     8248960.159174
190388.118222     8248668.377489
END
233   105.805382   105.805382   0.000000
189258.679701     8248394.060291
189213.084892     8248482.696805
END
234   117.627510   117.627510   0.000000
188678.734148     8247947.595403
188642.281428     8248057.492439
END
235   119.121880   119.121880   0.000000
188642.281428     8248057.492439
188739.738935     8247997.455021
END
236   313.308624   313.308624   0.000000
188100.195904     8247502.413469
187928.419764     8247762.159197
END
237   562.974915   562.974915   0.000000
186857.285178     8247338.406780
186682.657578     8246922.644782
END
238   780.326294   780.326294   0.000000
186255.016443     8247512.258138
186682.657578     8246922.644782
END
239   176.872055   176.872055   0.000000
187198.312170     8248665.629502
187328.837316     8248572.562765
END
240   323.607788   323.607788   0.000000
186599.606825     8247721.276368
186793.366170     8247462.086652
END
241   327.744385   327.744385   0.000000
186681.156253     8247781.818453
186897.622435     8247624.959201
END
242   174.071945   174.071945   0.000000
186675.462596     8248258.804489
186759.350638     8248111.098148
END
243   185.716415   185.716415   0.000000
186618.672167     8248214.494165
186759.350638     8248111.098148
END
244   158.401474   158.401474   0.000000
187254.182077     8248708.543420
187328.837316     8248572.562765
END
245   340.357330   340.357330   0.000000
189599.723132     8246377.609695
189810.280841     8246282.282429
END
246   93.562714   93.562714   0.000000
189926.418594     8246283.270245
189891.551630     8246370.093490
END
247   178.926224   178.926224   0.000000
190232.422463     8246286.262706
190177.895134     8246456.677974
END
248   207.808334   207.808334   0.000000
190371.734492     8246328.635160
190304.407764     8246525.234785
END
249   217.422012   217.422012   0.000000
190526.369043     8246400.823208
190424.679434     8246592.999044
END
250   216.658813   216.658813   0.000000
190667.592411     8246486.390481
190542.379357     8246663.203194
END
251   255.562561   255.562561   0.000000
190794.809857     8246586.450188
190619.559343     8246772.459548
END
252   215.518524   215.518524   0.000000
191085.473179     8246927.950531
190901.620542     8247040.406946
END
253   220.235870   220.235870   0.000000
191155.920532     8247052.674313
190961.667400     8247156.450799
END
254   244.269180   244.269180   0.000000
191231.853064     8247197.813546
191012.112711     8247304.498160
END
255   215.702179   215.702179   0.000000
191298.971289     8247326.450287
191102.418131     8247414.729466
END
256   224.739685   224.739685   0.000000
191366.456516     8247455.933037
191163.776084     8247553.033843
END
257   236.982941   236.982941   0.000000
191556.210671     8247688.484024
191425.236133     8247885.984868
END
258   225.349792   225.349792   0.000000
191686.604305     8247769.345901
191599.355139     8247977.120083
END
259   211.501404   211.501404   0.000000
191823.033910     8247806.502112
191805.556644     8248017.066606
END
260   231.226456   231.226456   0.000000
191980.992985     8247806.730344
191999.146222     8248037.243103
END
261   245.139343   245.139343   0.000000
192163.128926     8247773.232687
192181.922129     8248017.633761
END
262   498.022430   498.022430   0.000000
192427.057471     8247688.951102
192390.730537     8247192.260324
END
263   469.932220   469.932220   0.000000
192390.730537     8247192.260324
192858.888661     8247151.557053
END
264   1383.429443   1383.429443   0.000000
189011.381975     8247848.087542
190043.534327     8248748.009499
END
265   221.879898   221.879898   0.000000
189898.869016     8248916.236182
190043.534327     8248748.009499
END
266   326.098236   326.098236   0.000000
190086.418008     8248792.139486
190388.118222     8248668.377489
END
267   1069.330566   1069.330566   0.000000
191150.553056     8249881.747546
190400.197369     8249120.288265
END
268   2431.864014   2431.864014   0.000000
186117.547565     8250256.139507
187760.208382     8249460.305430
END
269   673.685242   -1.000000   0.000000
185258.251192     8249126.406095
185591.032764     8249687.345148
END
270   190.144165   190.144165   0.000000
185591.032764     8249687.345148
185684.682888     8249521.902880
END
271   101.161148   101.161148   0.000000
185925.875246     8249109.580809
185926.142275     8249008.420014
END
272   199.257095   199.257095   0.000000
186256.939987     8249687.542783
186156.340264     8249515.625572
END
273   1344.049561   1344.049561   0.000000
185927.993444     8248293.533900
187048.172591     8248993.232479
END
274   875.882202   875.882202   0.000000
187048.172591     8248993.232479
187608.024842     8249323.479502
END
275   203.916656   203.916656   0.000000
187772.963360     8249443.341683
187608.024842     8249323.479502
END
276   2697.516357   2697.516357   0.000000
187760.208382     8249460.305430
189704.279926     8251309.922015
END
277   298.417297   298.417297   0.000000
189956.135104     8251149.872031
189704.279926     8251309.922015
END
278   405.884308   405.884308   0.000000
188343.526509     8249531.823169
188614.833775     8249257.076243
END
279   35.756115   35.756115   0.000000
188642.227811     8249279.947080
188614.833775     8249257.076243
END
280   278.351044   278.351044   0.000000
187644.784838     8248539.343632
187833.512263     8248369.280611
END
281   783.323730   783.323730   0.000000
187757.908610     8248621.117587
188223.784843     8247991.642127
END
282   321.205322   321.205322   0.000000
188313.512831     8249047.994557
188517.768669     8248800.098583
END
283   824.781128   824.781128   0.000000
188777.091040     8249411.708642
189413.561206     8249934.471732
END
284   148.498444   148.498444   0.000000
189398.111096     8250455.621277
189477.372041     8250333.766691
END
285   303.004211   303.004211   0.000000
189413.561206     8249934.471732
189621.736419     8249714.302194
END
286   304.801331   304.801331   0.000000
189873.544732     8250432.207084
190107.303464     8250236.640176
END
287   143.381256   143.381256   0.000000
189778.645150     8250325.154998
189873.544732     8250432.207084
END
288   162.998428   162.998428   0.000000
189830.147823     8250980.550891
189920.037642     8250852.142197
END
289   3151.691895   3151.691895   0.000000
189299.531982     8258215.873382
190117.108655     8255227.803825
END
290   585.132874   585.132874   0.000000
188750.236881     8258203.202357
189299.531982     8258215.873382
END
291   288.605743   288.605743   0.000000
187734.690950     8258226.889404
187891.968988     8257984.904092
END
292   638.157654   638.157654   0.000000
188215.216072     8258379.709506
188823.462051     8258572.795131
END
293   304.786072   -1.000000   0.000000
187913.140998     8258623.908004
188066.687784     8258887.190989
END
294   152.456757   152.456757   0.000000
188823.462051     8258572.795131
188968.757288     8258618.972559
END
295   887.318176   887.318176   0.000000
187891.968988     8257984.904092
188750.236881     8258203.202357
END
296   399.304352   -1.000000   0.000000
187711.018885     8258279.538125
187913.140998     8258623.908004
END
297   496.431030   -1.000000   0.000000
187459.820987     8257851.352139
187711.018885     8258279.538125
END
298   173.122452   173.122452   0.000000
187156.610782     8257746.696990
187231.307922     8257590.518638
END
299   121.735901   121.735901   0.000000
189783.380185     8258712.247942
189820.704071     8258596.376096
END
300   2251.152588   2251.152588   0.000000
190022.518758     8258669.424240
191117.148723     8256861.933633
END
301   2876.216797   2876.216797   0.000000
189993.721667     8257775.252762
190878.407714     8255038.638143
END
302   1446.065186   1446.065186   0.000000
190133.401900     8257832.902667
190574.657452     8256455.805016
END
303   3612.246582   3612.246582   0.000000
190574.657452     8256455.805016
191357.592311     8252947.952397
END
304   161.906204   161.906204   0.000000
190863.016433     8256546.457432
191013.724225     8256605.624843
END
305   1665.000977   1665.000977   0.000000
191117.148723     8256861.933633
191619.321005     8255274.476073
END
306   967.246338   967.246338   0.000000
191437.841316     8257085.174383
192112.423574     8256392.754687
END
307   2835.463623   2835.463623   0.000000
191171.413251     8257521.154760
193093.894536     8255440.319135
END
308   1736.990723   1736.990723   0.000000
192112.423574     8256392.754687
193189.223544     8255060.327616
END
309   534.122498   534.122498   0.000000
191619.321005     8255274.476073
191771.486408     8254762.558109
END
310   565.579956   565.579956   0.000000
191898.563681     8255368.077799
192059.273057     8254825.889946
END
311   42.448975   42.448975   0.000000
192059.273057     8254825.889946
192068.547935     8254784.537479
END
312   232.858841   232.858841   0.000000
192068.547935     8254784.537479
192111.455655     8254555.665972
END
313   124.527740   124.527740   0.000000
191937.828819     8254798.349870
192059.273057     8254825.889946
END
314   327.231995   327.231995   0.000000
191771.486408     8254762.558109
191838.422626     8254442.249772
END
315   665.634460   665.634460   0.000000
191838.422626     8254442.249772
191935.812680     8253784.691313
END
316   460.069794   460.069794   0.000000
191935.812680     8253784.691313
191972.708709     8253326.103367
END
317   462.300903   462.300903   0.000000
192206.437310     8253824.408265
192263.895420     8253365.812353
END
318   87.811256   87.811256   0.000000
192263.895420     8253365.812353
192277.183115     8253279.012269
END
319   755.815186   755.815186   0.000000
191972.708709     8253326.103367
192047.362404     8252574.096254
END
320   286.079376   286.079376   0.000000
192047.362404     8252574.096254
192062.401468     8252288.634564
END
321   632.873779   632.873779   0.000000
192172.557427     8253057.097262
192047.362404     8252574.096254
END
322   798.492432   798.492432   0.000000
192830.437526     8252854.283190
193265.438834     8253445.134423
END
323   256.360168   256.360168   0.000000
192111.455655     8254555.665972
192153.948422     8254302.858585
END
324   215.062317   215.062317   0.000000
192153.948422     8254302.858585
192178.700296     8254089.287290
END
325   266.327332   266.327332   0.000000
192178.700296     8254089.287290
192206.437310     8253824.408265
END
326   153.460922   153.460922   0.000000
192491.596317     8254784.458435
192580.248817     8254659.194753
END
327   800.583069   -1.000000   0.000000
185475.901358     8254493.318113
185867.643560     8255191.509592
END
328   85.946243   -1.000000   0.000000
185433.097546     8254418.788989
185475.901358     8254493.318113
END
329   68.734283   -1.000000   0.000000
185398.811070     8254359.216850
185433.097546     8254418.788989
END
330   69.413315   69.413315   0.000000
185933.631811     8254263.126603
185914.799488     8254196.316786
END
331   53.033749   53.033749   0.000000
185914.799488     8254196.316786
185900.449127     8254145.261466
END
332   105.865990   105.865990   0.000000
185900.449127     8254145.261466
185871.675020     8254043.380855
END
333   112.237099   112.237099   0.000000
186054.895318     8254099.140573
186022.071922     8253991.810282
END
334   158.992935   158.992935   0.000000
186022.071922     8253991.810282
185871.675020     8254043.380855
END
335   199.178574   199.178574   0.000000
186005.900933     8253944.604322
186195.845873     8253884.662486
END
336   60.180382   60.180382   0.000000
186005.900933     8253944.604322
185986.190825     8253887.743176
END
337   200.415833   200.415833   0.000000
185986.190825     8253887.743176
186178.307621     8253830.667401
END
338   61.955441   61.955441   0.000000
185986.190825     8253887.743176
185965.022799     8253829.516110
END
339   53.715084   53.715084   0.000000
185871.675020     8254043.380855
185857.153447     8253991.665924
END
340   62.773472   62.773472   0.000000
185857.153447     8253991.665924
185840.016957     8253931.276774
END
341   61.385864   61.385864   0.000000
185840.016957     8253931.276774
185823.142389     8253872.255819
END
342   477.885590   -1.000000   0.000000
185789.567598     8253752.326100
186146.852955     8253557.957475
END
343   31.725410   31.725410   0.000000
185623.200823     8253594.240931
185653.317366     8253584.266190
END
344   -1.000000   257.544891   0.000000
185653.317366     8253584.266190
185897.793570     8253503.267678
END
345   29.625639   -1.000000   0.000000
185559.593026     8253391.636882
185587.962703     8253383.102252
END
346   235.568817   -1.000000   0.000000
185587.962703     8253383.102252
185813.601587     8253315.428324
END
347   676.652344   -1.000000   0.000000
185151.612673     8253732.122249
185398.811070     8254359.216850
END
348   208.895355   -1.000000   0.000000
185083.275688     8253534.720822
185151.612673     8253732.122249
END
349   191.547058   -1.000000   0.000000
184793.224838     8252729.016650
184734.299616     8252546.758335
END
350   900.520447   -1.000000   0.000000
184813.586857     8252675.532254
185083.275688     8253534.720822
END
351   199.973633   199.973633   0.000000
184947.976586     8252575.287545
184813.586857     8252675.532254
END
352   338.676758   338.676758   0.000000
190434.231109     8251857.586409
190729.024750     8251690.857117
END
353   200.739624   200.739624   0.000000
190729.024750     8251690.857117
190755.393554     8251492.134577
END
354   106.731117   106.731117   0.000000
190434.231109     8251857.586409
190537.495552     8251830.605187
END
355   122.325638   122.325638   0.000000
190534.354918     8252125.927046
190649.349343     8252084.215605
END
356   455.668213   455.668213   0.000000
190858.872614     8252114.166100
190729.024750     8251690.857117
END
357   1030.665649   1030.665649   0.000000
190755.393554     8251492.134577
191762.711887     8251274.388666
END
358   148.937790   148.937790   0.000000
190755.393554     8251492.134577
190846.950251     8251379.303082
END
359   91.146416   91.146416   0.000000
190117.108655     8255227.803825
190144.556256     8255140.898250
END
360   1192.961426   1192.961426   0.000000
190144.556256     8255140.898250
190425.482756     8253983.265763
END
361   181.922165   181.922165   0.000000
190263.643842     8255237.700226
190144.556256     8255140.898250
END
362   95.581345   95.581345   0.000000
189759.931731     8255055.692652
189669.140159     8255025.814832
END
363   1072.481567   1072.481567   0.000000
189805.877664     8255070.896634
190097.644570     8254040.012374
END
364   222.687897   222.687897   0.000000
189669.140159     8255025.814832
189457.458676     8254956.671160
END
365   90.750679   90.750679   0.000000
190097.644570     8254040.012374
190057.050514     8253959.289579
END
366   435.509552   435.509552   0.000000
190097.644570     8254040.012374
190425.482756     8253983.265763
END
367   129.466461   129.466461   0.000000
190057.050514     8253959.289579
190071.147500     8253830.592876
END
368   111.624214   111.624214   0.000000
190425.482756     8253983.265763
190437.578580     8253872.298848
END
369   692.245178   692.245178   0.000000
190437.578580     8253872.298848
190503.182465     8253183.458101
END
370   1453.624634   1453.624634   0.000000
190067.171118     8253405.457275
189758.362900     8253719.629917
END
371   458.270538   458.270538   0.000000
190117.499690     8253410.793282
190164.812108     8252954.971572
END